<<<<<<< HEAD
100 100
3.83 8.86 7.77 9.15 7.93 3.35 3.86 4.92 6.49 4.21 3.62 0.27 6.9 0.59 7.63 9.26 5.4 4.26 1.72 7.36 2.11 3.68 5.67 4.29 7.82 5.3 8.62 1.23 0.67 1.35 9.29 8.02 0.22 0.58 0.69 1.67 3.93 4.56 0.11 0.42 2.29 3.73 4.21 9.19 7.84 5.37 1.98 3.24 3.15 3.7 4.13 5.26 0.91 9.8 9.56 8.73 8.62 1.7 9.96 2.81 3.05 9.25 0.84 3.27 3.36 5.05 8.46 7.29 3.13 8.57 1.24 8.95 5.82 5.45 8.14 3.67 4.34 3.64 0.43 7.5 0.87 8.08 2.76 1.78 7.88 5.84 4.03 6.51 7.54 3.99 9.32 0.6 6.76 3.68 7.39 0.12 2.26 5.86 0.94 5.39 
7.95 5.7 4.34 3.78 4.67 6.01 0.97 9.02 3.17 4.92 6.52 7.56 3.01 2.8 2.86 4.41 8.65 6.89 4.44 6.19 4.4 7.29 0.31 1.17 0.97 7.71 4.81 6.75 7.09 9.27 5.67 8.56 4.97 3.53 5.86 9.65 3.06 6.83 2.19 6.24 5.28 8.71 7.32 8.29 5.03 0.19 2.7 3.68 7.08 7.15 3.4 1.49 7.96 7.23 6.18 2.45 8.46 4.51 9.21 5.55 3.79 4.88 7.64 2.28 8.41 3.5 1.93 5 0.34 7.64 1.24 9.14 9.87 8.56 7.43 4.91 2.27 3.65 8.59 9.36 4.32 5.51 4.37 2.28 2.75 4.07 4.74 1.21 8.58 3.95 0.29 2.37 2.35 7.93 8.18 4.28 1.43 0.11 9.28 5.29 
7.76 4.04 4.43 7.63 6.13 5.38 6.06 8.4 9.04 8.18 1.28 6.88 3.69 9.17 9.17 9.96 3.24 7.43 4.7 1.83 4.9 4.99 7.72 7.25 6.44 5.9 5.05 1.39 9.54 7.86 6.69 0.82 5.42 4.64 1.97 5.07 3.55 8.04 3.48 6.11 6.22 8.28 2.99 3.43 7.46 5.68 3.4 4.22 3.11 8.1 6.05 8.01 6.61 7.3 8.78 3.05 3.2 7.36 4.44 6.26 5.22 4.65 7.08 4.16 2.82 2.58 9.24 6.37 0.62 6.24 6 0.36 4.52 8.99 3.79 5.5 4.68 0.71 9.73 1.31 8.81 9.3 9.33 8.94 6.6 1.63 1.99 9.81 8.99 9.96 9.59 7.73 8.13 6.68 1.9 0.95 9.26 4.66 0.84 3.4 
0.9 6.84 3.76 5.42 9.36 1.07 4.45 7.56 1.79 4.18 8.87 4.12 3.48 1.72 6.59 0.09 3.36 2.1 3.42 5.87 2.06 3.01 7.13 3.72 3.21 2.55 8.19 5.99 7.21 9.04 9.39 8.11 9.4 6.67 7.05 2.28 1.27 1.5 9.84 6.58 9.2 2.24 4.22 2.69 3.96 0.81 6.3 0.84 2.92 9.72 6.72 8.5 6.25 3.85 2.22 2.99 6.4 0.42 8.98 7.13 2.98 1.9 5.24 5.9 2.09 5.81 8.19 3.36 7.32 1.55 9.94 0.04 3.79 7.69 2.73 7.76 8.5 2.55 8.6 1.42 5.79 8.84 9.93 2.05 6.21 5.67 5.04 6.13 9.61 7.54 3.26 2.59 9.44 2.02 2.02 5.06 7.84 0.21 8.42 8.68 
5.28 1.89 8.72 9.08 9.58 4.98 0.36 8.08 7.53 2.48 3.03 3.33 1.33 6.48 8.9 7.54 5.67 7.46 3.68 5.29 5 0.46 7.88 7.97 2.49 9.9 3.03 0.33 3.63 4.97 2.53 8.92 6.86 1.25 1.52 9.96 9.75 1.88 1.57 7.29 4.36 4.6 4.14 9.21 4.6 3.04 0.28 0.27 0.5 7.48 5.56 9.02 7.94 6.97 6.99 0.43 0.39 0.02 4.28 4.03 5 6.81 6.47 5.38 1.59 1.51 5.35 1.34 3.39 6.92 2.15 1.27 5.04 6.29 0.49 9.64 2.85 4.29 3.43 3.35 1.77 9 2.38 9.71 9.49 2.89 3.67 9.88 2.92 7.95 7.43 1.44 8.29 3.9 6.82 3.4 5.41 5.69 8.26 2.32 
2.61 0.42 3.6 1.17 0.23 7.61 0.81 3.09 1.9 4.25 9.96 3.67 6.77 2.34 6.9 6.26 5.24 0.57 6.14 1.68 2.05 3.58 3.12 3.86 1 3.46 7.26 9.94 9.16 5.52 5.78 5.29 9.46 2.9 6.47 9.7 0.51 0.8 6.31 5.93 8.57 6.27 3.12 8.86 2.14 3.55 5.12 0.9 4.12 4.79 6.1 9.69 1.89 2.74 3.55 6.41 6.2 4.33 9.87 8.88 3.38 5.66 7.7 2.84 8.56 4.17 6.06 2.6 8.49 2.37 2.05 0.59 2.17 5.18 9.45 7.83 8.73 4.58 8.73 6.37 2.89 4.83 6.07 4.78 7.57 3.14 4.71 7.29 1 4.59 6.18 4.38 0.25 3.88 0.74 2.33 1.57 6.81 4.93 3.58 
2.7 6.99 4.17 8.39 5.69 3.63 6.22 7.94 1.73 8.47 4.31 4.62 6.82 3.9 2.92 7.91 0.57 1.15 5.21 1.57 5.74 4.91 9.47 9.51 2.31 0.21 5.37 7.4 0.54 0.3 0.98 3.25 0.81 5.16 5.16 0.02 2.31 1.39 7.96 4.04 3.38 5.8 2.18 0.21 9.7 8.62 8.12 3.79 9.77 6.85 5.36 9.04 1.76 4.83 2.07 7.59 8.57 7.44 4.99 9.11 1.27 9.5 2.36 5.6 8.18 1.05 5.63 0.49 2.44 7.11 8.05 9.34 2.91 3.75 9.55 6.14 5.89 7.68 9.93 9.18 8.05 8.82 8.22 9.82 7.17 0.3 0.93 5.74 1.26 5.93 4.86 2.53 5.43 0.74 8.14 7.13 1.79 3.77 7.62 7.75 
0.88 9.19 7.1 7.32 2.94 0.17 3.46 2.35 1.37 6.91 1.53 9.43 5.73 3.28 9.25 2.91 7.1 0.18 2.17 8.36 9.63 0.55 0.9 8.58 1.3 9.04 5.71 6.61 6.33 6.85 7.89 0.73 6.04 8.51 8.05 2.5 8.68 5.03 4.85 0.06 1.95 6.39 9.49 1.2 9.67 2.26 7.63 6.77 5.96 9.81 8.65 5.6 0.36 9.55 7.7 5.18 2.11 3.42 5.32 1.96 3.79 3.21 2.7 9.84 1.72 4.27 2.34 0.4 2.83 0.72 3.98 8.3 0.63 3.47 9.5 0.3 5.73 7.14 0.59 5.22 0.47 9.24 0.82 4.35 2.32 2.04 9.54 4.43 8.98 4.86 6.4 2.78 1.59 2.62 2.62 6.83 0.41 8.48 7.23 3.24 
2.72 1.22 1.54 3.35 8.21 4.57 3.65 7.47 1.71 7.76 2.69 2.18 7.01 7.03 6.53 9.33 9.07 9.59 7.28 8.06 7.97 7.2 0.84 3.08 3.34 6.98 9.91 3.76 8.98 7.15 0.52 1.71 1.89 5.59 5.06 0.1 0.16 2.24 1.09 5.39 0 3.78 1.09 0.53 0.81 1.14 3.38 9.89 4.26 0.67 1.47 2.23 7.87 2.31 5.32 1.22 2.81 8.75 8.5 1.79 5.9 2.54 3.5 1.31 8.13 8.57 4.94 1.81 0.81 6.03 7.2 4.33 9.82 1.81 4.87 4.15 2.96 8.25 4.04 7.22 8.92 5.51 2.97 0.32 1.34 1.81 5.06 4.15 0.57 7.08 5.95 9.99 9.62 2.97 4.83 7.76 1.54 9.77 3.09 5.87 
9.32 3.82 0.21 2.66 5.63 8.6 6.82 2.11 6.85 0.86 2.85 9.3 9.9 5.83 3.14 4.76 1.16 8.2 8.92 5.25 5.28 8.39 5.25 4.9 1.36 3.6 6.18 6.43 3.37 9.28 5.82 6.21 3.1 9.55 8.88 2.25 8.15 5.7 4.37 8.53 0.08 7.22 7.83 3.5 6.57 0.97 8.27 1.26 2.69 0.71 6.51 1.49 9.1 5.28 6.39 3.98 8.88 6.1 3.93 5.77 8.9 9.76 1.99 5.52 9.31 0.87 7.77 0.99 6.57 5.66 9.52 0.17 6.41 7.35 3.68 2.98 1.84 1.95 7.76 8.05 2.66 4.28 9.54 5.28 3.08 5.93 2.78 1.97 5.55 6.72 7.74 4.45 0 3.25 9.97 2.83 4.12 1.27 3.82 4.21 
6.93 3.34 4.39 3.34 4.21 1.59 9.85 9.57 3.54 7.61 7.62 9.72 5.41 7.16 8.52 8.5 6.62 4.82 3.99 2.17 1.54 1.73 0.15 5.06 8.51 3.64 7.9 2.63 4.91 1.72 0.37 5.37 8.59 8.28 8.71 2.8 9.87 8.56 5.9 3.41 9.7 3.52 6.65 5.11 0.69 5.17 3.61 0.83 3.51 1.12 3 5.06 6.38 6.67 3.64 4.89 0.32 1.54 1.04 8.75 6.79 1.41 4.12 5.38 9.69 6.36 1.7 9.56 8.44 7.6 6.49 8.14 4.65 3.14 3.26 8.86 1.83 0.39 9.69 5.35 1.52 6.21 3.93 7.9 2.89 1.09 6.31 6.73 2.64 7.35 5.48 2.95 8.77 3.13 8.33 1.98 9.49 3.55 1.55 7.93 
4.68 1.56 9.6 9.33 8.23 2.86 1.71 3.58 6.77 1.4 2.45 1.81 7.61 9.9 3.23 0.5 1 9.54 0.75 3.64 0.42 6.24 6.59 9.19 2.89 8.44 4.69 2.38 5.51 9.76 3.83 0.19 1.33 3.43 3.04 9.56 9.81 4.75 6.66 0.11 9.67 9.12 1.92 7.29 9.02 8.68 1.31 0.02 1.74 2.07 7.18 2.16 1.83 3.77 4.87 4.72 5.73 9.57 0.62 1.25 9.33 7.97 4.96 4.18 1.41 1.53 7.26 4.74 9.8 3.93 4.85 9.48 3.05 0.3 0.29 5.59 8.98 1.6 5.62 4.24 7.19 2.8 6.41 9.02 0.1 4.8 7.26 5.83 7.89 1.4 7.08 7.23 9.38 5.57 4.93 4.31 7.1 2.2 9.05 6.9 
6.13 3.91 6.38 2.7 4.21 6.67 8.29 6.71 1.8 7.43 0.95 8.99 0.24 0.88 1.54 3.86 5.69 2.32 9.69 7.1 3.73 0.3 4.33 6.63 5.87 2.79 0.94 6.49 4.99 3.51 3.39 4.64 7.42 3.3 0.86 5.15 3.49 9.15 1.86 8.81 0.11 6.34 1.33 3.87 7.22 2.87 7.73 6.43 5.19 7.42 3.54 2.44 1.24 1.39 2.59 0.63 4.18 3.53 7.12 2.69 7.05 4.04 7.33 7.99 7.34 8.19 3.15 4.35 0.87 8.53 6.69 4.5 4.87 8.02 8.37 5.62 0.89 6.1 2.05 9.6 7.04 9.11 5.57 8.29 4.03 8.16 8.92 8.21 5.22 6.05 4.43 5.79 3.61 5.28 3.78 4.47 7 0.45 8.82 7.87 
8.99 5.51 5.89 3.86 3.53 4.26 9.48 7.94 0.36 5.06 1.07 0.92 4.17 6.64 9.21 8.2 4.8 1.66 9.94 3.54 1.23 4.37 9.33 4.84 3.17 3.12 9.31 0.17 7.09 1.65 1.56 6.08 0.69 7.45 9.95 4.22 1.71 2.95 5.69 5.59 8.01 6.76 6.52 5.71 3.4 9.25 7.43 1.72 0.91 0.89 5.27 5.66 8.78 8.12 0.5 1.96 1.24 3.33 2.13 1.86 4.99 3.7 7.94 5.68 1.15 1.41 3.42 6.39 4.37 2.63 1.98 5.9 9.39 2.02 5.13 6.31 1.28 2.57 8.04 5.71 3.46 6.83 1.38 2.25 4.95 5.4 4.21 9.72 2.26 6.34 1.58 7.25 3.56 9.52 6.45 4.72 4.46 3.39 1.11 8.83 
6.03 6.61 8.25 5.42 2.16 3.39 1.74 3.44 5.96 3.3 2.67 2.94 0.13 7.57 5.19 8.6 6.5 2.92 8.32 8.76 2.79 9.9 9.53 6.35 2.95 5.98 1.07 7.41 9.37 5.7 9.76 5.4 5.84 8.01 0.83 8 4.92 6.09 4.96 4.4 9.39 7.63 7.35 3.04 8.73 6.06 1.64 5.23 2.51 3.49 7.51 5.3 3.39 7.04 1.65 9.86 3.02 6.25 0.79 5.91 5.47 4.07 4.84 1.31 5.61 9.19 9.31 0.53 5.28 4.27 4.94 8.19 5.43 5.81 1.23 7.68 1.87 6.39 6.43 4.38 9.88 3.94 3.2 6.8 0.98 4.86 0.18 7.52 4.63 0.98 6.95 0.1 5.05 1.79 1.42 0.66 0.98 4.25 4.72 9.78 
8.53 9.66 7.97 7.48 5.47 2.72 5.16 0.86 9.12 1.59 8.77 9 5.53 1.97 9.32 0.03 0.35 9.51 1.07 4.98 0.49 1.54 8.61 9.06 3.34 0.03 3.25 7.84 4.28 7.97 7.63 6.33 1.15 5.6 3.81 0.14 1.85 8.97 1 0.97 4.08 3.29 3.49 3.13 8.79 6.34 3.16 9.14 5.85 7.75 7.65 9.86 9.3 6.26 8.92 6.16 6.29 5.69 7.52 4.09 3.66 5.15 3.95 8.33 4.28 7.76 8.47 6.13 0.26 3 0.62 7.86 6.29 7.63 1 5.08 3.97 4.16 7.75 9.82 5.44 5.4 3.2 8.26 5.18 5.65 7.94 4.99 1.34 5.46 9.08 8.53 0.62 3.03 6.86 8.42 4.32 5.34 8.07 8.1 
8.34 8.69 5.96 8.15 9.84 6.96 3.24 3.82 4.65 4.51 7.16 3.61 3.43 0.37 1.87 8.61 6.02 9.81 3.6 0.88 8.79 6.2 9.41 2.93 9.24 6.28 1.35 7.08 1.62 9.42 8.7 9.96 1.63 4.66 8.11 5 5.15 4.87 2.34 3.32 2.9 9.5 6.93 6.33 3.39 8.8 4.94 2.93 2.13 8.54 3.82 4.44 4.75 3.23 7.38 7.51 9.51 8.73 8.11 4.65 1.68 6.81 8.13 6.83 4.99 9.77 5.35 0.14 4.64 7.69 3.46 1.07 0.72 3.91 7.4 4.11 6.23 5.87 0.57 8.36 7.93 4.39 2.81 6.2 1.14 3.71 3.71 4.18 5.96 5.34 8.83 7.64 5.67 6.97 8 0.67 6.74 3.35 4.33 4.9 
4.57 1.32 9.49 5.29 5.23 6.9 2.92 1.47 6.29 3.49 3.35 4.22 1.4 9.68 0.43 2.55 3.39 7.66 0.25 9.36 6.53 2.6 0.52 2.2 9.57 2.04 2.87 9.83 5.4 7.21 8.26 9.97 2.05 1.27 8.78 7.28 1.69 1.7 2.27 7.98 5.2 5.63 2.21 6.6 8.83 6.16 2.67 2.23 3.82 2.92 5.11 0.35 5.53 5.63 6.08 8.62 7.68 8.95 1.98 6.6 9.68 3.76 0.09 1.73 5.03 8.87 2.54 6.73 0.57 4.81 8.23 9.29 3.96 0.44 9.42 2.8 0.12 2.09 8.55 7.47 8.54 3.66 1.34 7.59 2.81 7.42 9.73 4.01 6.38 1.71 4.13 9.58 8.99 4.22 4.84 7.55 6.61 0.9 7.8 0.71 
9.23 6.03 0 3.2 0 9.42 9.52 0.12 5.04 8.07 7.59 3.58 5.25 8.94 1.17 1.58 6.36 0.9 5.6 6.26 6.14 9.73 9.37 8.65 7.48 4.21 6.2 4.09 8.63 4 8.32 7.86 0.04 8.33 4.58 3.56 1.27 4.1 3.68 6.31 5.69 1.28 3.41 4.46 3.74 4.58 6.05 0.1 9.01 1.65 9.89 8.67 4.9 9.26 7.32 2.38 6.99 7.05 0 5.62 4.57 8.32 3.48 4.61 0.17 8.07 1.69 4.97 5.69 5.38 1.28 1.39 0.18 4.7 5.85 3.92 2.8 5.42 7.54 5.33 7.07 7.43 4 5.5 0.21 4.85 7.88 7.2 1.9 1.4 6.34 6.47 3.25 9.83 4.61 6.94 1.42 6.3 1.91 0.63 
5.2 3.2 5.54 5.38 1.42 4.92 9.3 4.22 0.34 6.85 3.08 0.94 7.8 7.08 6.44 8.02 5.45 7.84 5.22 0.87 9.25 1.57 7.35 6.02 4.92 5.48 2.96 9.86 5.3 8.4 0.49 0.51 5.12 9.56 5.89 6.54 4.48 8.72 4.28 4.82 5.57 0.88 5.76 3.37 7.97 2.2 1.39 6.94 0.05 0.14 7.82 2.82 5.23 8.69 2.36 0.15 4.17 8.84 3.53 2.99 7.24 7.54 3.5 2.36 7.1 2.92 2.42 1.58 1.64 0.23 6.41 7.21 1.11 5.69 4.1 2.6 7.9 9.02 9.55 1.47 9.16 0.89 7.81 4.39 9.58 0.17 8.06 3.75 9.01 5.11 6.74 9.78 2.65 3.77 5.66 9.76 6.69 1.61 1.34 8.33 
5.36 1.27 9.06 9.99 6.97 3.16 2.6 8.39 5.7 5.67 9.86 4.86 0.08 7.67 2.77 9.66 1.36 4.35 6.93 0.37 9.46 7.19 3.67 2.12 0.96 9.34 5.4 1.17 0.95 6.74 9.5 6.31 8.02 2.08 6.3 8.51 5.25 2.42 6.9 4.47 1.61 6.76 9.34 1.69 7.95 5.63 1.35 9.31 3.51 1.8 3.2 2.97 9 6.88 8.61 9.96 9.74 4.01 1.14 0.69 4.28 4.16 0.52 5.82 6.25 6.82 4.33 5.02 2.77 1.23 9.49 7.9 1.51 2.35 9.6 9.46 7.99 4.47 2.29 5.02 6.28 5.49 7.99 5.28 5.89 0.13 8.76 5.63 7.66 9.9 9.84 1.94 7.59 0.36 7.76 3.84 0.71 2.09 2.38 7 
6.84 5.39 4.9 8.35 7.75 4.5 7.81 9.26 2.5 3.62 4.28 8.78 2.64 5.79 7.58 8.53 9.44 6.34 7.69 7.11 9.77 1.05 2.57 7.36 1.42 0.34 4.72 5.65 5.95 7.1 2.65 6.32 2.49 1.07 4.67 3.76 5.58 6.01 3.02 1.6 9.63 0.82 0.38 2.27 0.14 7.96 4.33 9.58 4.3 5.54 6.69 4.07 6.59 9.27 4.95 8.01 3.13 9.67 7.18 2.6 0.29 3.35 8.92 6.31 4.43 7.12 0.07 3.53 3.13 6.62 5.13 6.28 0.96 5.51 8.56 1.1 6.99 6.41 0.69 4.81 1.95 0.9 8.89 8.54 3.69 7.36 0.08 6.82 7.04 7.26 2.95 7.33 4.14 1.87 3.64 8.57 2.51 7.24 2.1 5.64 
7.38 7.23 1.93 8.34 6.26 4.01 9.45 3.25 3.94 3.66 8.06 5.89 4.56 0.47 7.95 8.26 7.84 8.03 8.6 8.4 8.82 1.55 5.73 6.48 6.95 2.9 5.05 9.46 3.66 0.67 8.63 1.04 7.9 4.08 2.9 7.68 1.61 2.35 0.93 5.55 6.01 2.51 1.44 4.1 6.51 2.91 5.88 4.35 4.47 4.48 2.75 6.81 9.56 2 3.29 6.51 8.42 8.34 9.49 5.6 9.01 1.64 6.64 0.43 5.72 9.55 8.11 7.33 5.42 2.56 6.4 4.96 8.59 1.36 2.58 5.1 4.28 8.46 2.97 8.75 2.94 9.24 5.56 2.5 1.25 8.85 2.53 3.19 0.71 5.55 8.8 3.24 7.19 8.96 3.67 6.44 2.03 5.3 7.29 7.46 
7.86 3.7 5.94 6.45 8.58 8.52 5.08 2.86 6.98 8.05 5.13 3.44 7.3 4.21 9.47 2.07 6.58 2 8.78 7.29 1.07 7.58 0.53 1.79 0.07 7.72 1.75 2.1 3.02 9.04 3.08 4.4 6.26 9.02 0.86 4.85 1.06 9.46 1.23 8.04 7.51 6.37 5.01 8.33 4.1 4.48 3.92 0.69 0 2.71 1.5 1.08 3.81 5.56 2.87 3.88 3.28 4.62 9.51 9.83 7.18 2.59 4.23 3.45 5.14 8.61 1.82 9.72 8.07 6.57 1.29 9.11 2.94 6.3 7.44 0.57 0.78 1.37 1.26 0.78 7.6 6.28 1.86 1.41 1.84 8.25 8.82 8.65 6.39 8.33 8.48 3.58 4.44 6.23 0.55 3.1 4.85 5.89 2.83 6.44 
2.46 4.12 5.55 8.93 0.42 3 9.5 1.2 7.89 4.28 5.5 5.49 0.56 7.37 0.42 2.41 9.14 9.24 4.58 5.54 1.09 6.58 2.64 5.54 2.81 3.19 2.16 1.18 2.6 4.99 7.63 5.06 2.63 3.18 3.99 3.05 9.7 7.01 7.77 1.11 1.29 3.28 0.12 1.86 4.17 0.55 7.79 6.83 9.79 5.89 2.37 0.89 2.47 8.53 9.95 8.8 5.24 2.11 9.99 7.84 7.11 1.14 6.43 3.26 7.84 0.42 6.32 1.07 0.96 7.61 2.18 2.25 4.41 2.31 7.63 2.1 2.86 8.94 8.94 6.17 8.35 4.83 0.58 0.82 3.37 0.53 3.15 2.13 6.17 3.14 9.98 6.8 7.8 6.41 0.06 5.64 0.35 6.38 0.23 1.31 
7.52 2.42 7.09 5.45 8.25 8.24 7.56 4.63 0.71 0.02 0.8 9.06 4.85 4.91 9.89 1.74 5.44 6.56 3.88 1.61 9.7 7.38 8.41 1.02 3.79 8.48 0.18 7.66 8.38 0.42 2.5 9.42 2.84 9.59 4.88 4.61 1.35 5.96 9.24 2.06 5.98 3.56 1.13 4.35 8.47 4.54 9.62 7.44 1.1 7.02 2.57 4.32 4.4 4.51 8.86 1.71 2.99 9.04 2.89 4.89 9.46 5.39 7.84 5.82 8.5 2.72 0.43 9.86 8.68 3.19 1.92 8.18 6.76 6.57 2.53 8.75 4.63 2.15 6.19 9.25 2.69 8.77 7.09 7.09 6.8 5.95 2.32 3.31 5 5.22 8.2 4.46 4.13 9.56 0.29 2.64 2.28 4.24 2.5 4.48 
7.44 7.94 6.18 7.72 8.04 8.72 6.47 2.67 4.39 6.19 1.93 7.09 8.48 2.54 7.7 5.28 8.5 3.55 8.59 3.5 2.29 0.31 1.48 6.42 9.88 1.77 9.06 5.68 9.54 5.08 3.69 6.98 3.03 9.87 4.7 1.07 2.11 4.69 7.26 0.03 4.4 2.71 0.64 2.88 5.26 1.86 8.16 3.76 5.41 0.27 0.78 1.22 0.59 2.26 7.65 3.99 4.04 0.23 9.67 3.58 5.32 6.88 4.08 1.87 6.76 2.3 2.94 2.39 0.51 3.72 2.42 4.92 6.44 3.06 7.8 5.22 4.93 9.49 8.98 3.86 3.28 9.76 5.09 3.87 2.02 6.26 1.38 9.58 6.49 4.58 6.68 1.81 1.46 4.28 7.2 1.74 6.58 0.14 4.14 0.62 
7.39 6.56 5.54 7.35 3.15 3.34 2.57 1.6 6.35 5.07 5.46 9.64 4.83 0.55 7.03 0.37 0.33 8.42 3.48 6.83 3 3.68 2.16 4.46 1.49 9.37 6.21 1.59 3.03 3.87 2.21 0.42 0.43 7.75 7.77 7.1 4.62 3.86 8.7 0.97 8.93 4.17 0.61 7.28 8.24 1.17 7.66 8.58 9.59 4.66 8.93 2.59 1.86 1.09 0.57 3.35 0.46 0.3 4.95 7.02 4.17 7.16 0.96 8.13 4.92 8.74 5.23 3.06 2.6 3.94 4.03 5.06 1.63 8.17 2.34 3.39 9.34 3.52 5.49 8.93 8.18 4.42 5.04 0.05 9.04 9.13 6.92 3.02 9.44 1.87 0.04 3.61 2.56 1.01 5.26 7.48 3.27 0.5 0.54 9.39 
7.96 8.09 4.45 3.11 6.26 6.8 0.02 9.12 0.32 5.52 1.57 2.03 3.46 6.61 5.6 2.5 9.27 2.52 5.53 8.71 4.4 5.57 5.84 0.48 0.1 1.11 1.48 3.37 5.13 5.54 2.77 6.61 3.63 0.74 3.24 3.42 7.54 3.26 2.54 1.39 8.78 7.64 3.42 2.25 7.77 9.02 8.27 7.04 1.54 3.8 5.75 9.46 2.9 1.6 9.94 3 6.23 1.42 9.9 4.88 6.96 6.19 1.49 4.12 6.93 8.25 7.54 4.48 1.51 3.6 5.87 3.82 1.24 9.29 9.59 9.02 1.83 7.86 6.06 3.37 1.67 5.34 6.36 8.09 0.46 6.3 1.09 6.69 1.25 4.51 1.57 1.73 0.7 6.58 5.85 7.64 4.83 3.39 5.64 9.86 
0.52 5.03 3.68 1.76 4.32 3.27 4.3 9.67 4.66 0.37 3.04 6.33 5.71 2.92 7.94 6.17 2.75 2.55 6.38 4 7.07 1.47 5.73 7.77 1.57 1.59 8.93 9.92 8.5 4.57 9.78 9.02 9.6 3.47 4.31 7.44 0.26 8.61 7.11 4.92 8.98 3.68 4.77 8.21 6.6 2.71 7.9 2.87 8.79 7.8 6.87 5.86 2.79 6.13 3.63 4.36 1.24 6.09 4.28 9.74 0.66 7.59 2.29 0.27 4.58 6.6 7.71 4.84 8.73 8.35 3.29 1.24 2.03 1.58 9.45 2.15 7.82 0.88 5.03 6.61 8.68 5.42 2.47 5 1.55 9.62 9.36 6.31 5.71 7.17 9.58 6.38 4.76 1.87 0.17 9.34 1.99 1.4 7.7 0.72 
3.27 4.51 1.96 8.82 6.1 4.94 0.98 3.92 5.82 9.53 0.53 8.02 8.47 6.52 6.54 3.55 6.14 5.91 9.86 5.38 6.6 9.44 5.28 4.88 4.83 5.45 4.22 0.34 0.37 5.44 1.07 3.65 9.96 6.55 2.47 6.06 1.49 6.97 3.5 0.83 0.02 4.03 2.38 8.5 0.55 8.92 2.05 0.21 8.35 1.91 9.11 4.95 4.88 4.39 9.83 3.23 3.36 7.57 3.58 7.26 3.02 4.65 0.91 6.5 1.2 6.9 6.08 6.22 3.88 9.58 0.57 3.9 3.61 2.95 2.4 7.68 5.4 7.97 1.41 3.75 3.41 0.53 2.23 8.29 8.44 5.58 1.52 5.33 3.16 5.1 2.59 9.7 3.27 3.5 9.72 8 0.4 5.8 7.74 7.8 
5.38 8.31 1.71 8.99 4.79 7.63 0.19 0.19 5.61 5.12 7.46 2.54 9.17 9.69 0.83 7.62 5.28 5.87 2.95 1.96 4.5 5.54 1.66 1.29 2.56 1.38 9.29 2.96 7.18 0.55 4.29 6.08 8.87 6 5.07 7.18 7.15 8.78 7.37 6.28 3.9 8.35 8.82 3.08 8.05 3.17 4.22 6.85 2.57 0.69 8.81 7.07 6.23 3.99 8.36 8.79 8.89 1.18 5.27 6.07 1.73 9.56 2.15 4.12 9.08 0.74 1.3 9.76 3.04 2.19 9.56 0.46 0.55 8.39 7.06 2.12 5.08 1.28 8.97 7.65 1.97 1.3 4.72 1.72 5.29 6.61 4.03 4.18 1.31 2.83 3.77 6.56 5.91 9.44 0.69 8.52 3.7 5.51 8.28 0.26 
1.23 7.84 0.72 5.3 9.75 7.79 0.94 4.84 2.59 9.91 2.49 8.09 4.73 0.74 9.81 0.02 7.35 7.37 7.72 8.66 0.2 5.01 8.74 6.11 4.45 9.43 8.15 1.67 8.47 6.43 1.93 3.22 7.8 6.17 2.04 1.07 3.96 2.98 5.91 0.08 2.89 1.93 8.17 7.62 2.67 1.5 1.16 3.54 8.87 2.4 5.72 2.59 7.41 4.46 2.23 5.38 7.42 0.38 7.05 5.89 6.82 2.5 2.63 8.14 8.67 4.67 9.21 6.16 7.65 8.65 6.24 4.06 0.58 4.41 5.2 3.25 5.91 9.88 6.79 8.31 2.28 2.51 0.9 9.69 6.97 3.13 8.59 7.91 3.52 9.16 7.32 3.86 1.66 9.95 2 3.85 8.14 4.73 0.01 5.79 
3.38 9.77 3.37 3.96 4.18 8.57 0.73 3.62 8.45 1.04 1.93 4.25 7.07 6.35 7.46 4.05 9.49 6.05 5.48 6.53 8.73 2.81 0.39 0.39 2.76 5.91 7.77 0.91 0.64 1.3 0.22 7.55 1.08 3.6 1.51 5.26 5.69 5.77 2.4 4.15 6.81 4.33 1.92 3.89 0.69 9.39 1.46 3.7 8.96 6.94 0.23 7.7 9.75 4.14 1.61 6.04 0.05 9.38 6.95 4.21 0.69 0.69 1.76 1.77 4.29 6.8 0.55 9.99 2.57 2.96 7.66 9.38 0.81 9.58 6.79 5.02 2.49 8.25 2.24 1.46 8.72 2.47 9.16 8.47 6.61 0.77 4.51 0.18 0.16 4.98 4.4 4.37 5.68 6.16 9.66 3.49 2.96 0.21 3.48 9.05 
6.69 4.66 1.96 7.51 7.77 8.75 6.05 0.26 0.53 8.3 1.72 9.25 4.29 0.88 7.72 4.43 5.18 5.76 4.61 8.86 4.26 9.01 3.23 9.94 8.7 2.89 6.96 5.18 6.62 3.96 4.24 3.32 8.63 6.2 4.35 6.4 8.47 3.92 0.18 9 2.22 5.43 8.25 0.04 9.83 9.5 4.47 5.01 8.78 9.08 3.87 3.04 1.62 0.62 6.51 0.32 3.51 3.47 9.02 3.66 7.43 3.26 0.5 9.58 2.98 8.37 9.5 4.98 2.29 9.69 3.98 8.04 5.12 5.76 8.08 8.47 8.78 2.55 3.49 1.08 1.63 7.36 7.64 6.77 1.51 4.15 7.09 8.54 1.14 6.12 2.2 2.1 2.9 2.7 1.68 9.41 1.07 4.71 4.39 6.89 
4.4 1.89 4.93 3.04 1.17 6.53 1.51 3.47 9.08 8.52 4.55 4.23 9.41 5.72 1.01 0.92 3.39 1.62 9.46 4.54 1.26 5.19 0.16 7.69 7.89 1.84 7.1 2.49 6.55 5.01 2.9 4.47 0.42 7.83 1.03 5.12 7.88 6.07 2.11 6.96 8.11 0.19 4.71 7.52 5.91 9.24 1.96 9.3 0.87 1.43 7.36 5.65 6.62 7.52 3.34 8.03 2.89 3.96 4.04 2.96 8.97 6.94 0.96 2.92 8.29 1.99 1.56 6.17 1.58 3.67 6.65 3.22 3.86 1.37 0.74 9.77 0.61 2.71 9.08 5 7.66 9.96 0.66 7.8 7.49 4 9.35 0.38 7.97 3.4 3.34 0.46 3.86 4.3 6.9 2.16 9.82 8.46 1.85 4.92 
2.14 8.51 8.14 9.52 3.4 2.41 9.3 7.53 8.64 1.9 2.54 6.3 1.86 6.72 7.62 2.87 0.72 6.97 3.25 2.21 3.89 6.6 6.2 7.76 4.42 3.1 9.92 4.24 5.09 5.29 2.69 0.75 3.8 0.83 0.27 7.2 3.24 3.09 4.74 1.88 4.99 0.8 1.7 0.38 7.52 9.32 3.25 1.76 9.82 6.51 3.98 3.71 6.63 3.7 1.47 4.57 0.32 4.91 2.34 5.41 0.21 5.03 6.16 7.53 9.38 9.96 8.26 2.63 3.05 6.52 8.03 1.57 7.32 3.26 1.95 8.36 2.58 5.2 0.12 5.92 5.23 7.62 9.64 5.38 1.32 4.63 3.48 1.65 3.07 5.82 0.58 3.28 4.37 0.27 4.33 3.75 0.23 2.59 9.9 3.28 
9.11 1.46 4.85 9.95 4.72 0.32 8.31 0.82 9.05 1.96 6.75 4.28 9.58 6.39 3.19 4.43 4.54 6.67 9.6 7.61 6.01 3.7 4.41 0.38 3.97 8.75 4.13 4.2 4.86 7.56 1.01 3.98 9.02 9.38 7.45 3.74 3.23 9.29 4.56 2.28 1.25 1.31 0.08 4.35 1.22 6.79 2.3 5.77 3.46 1.9 6.9 9.47 9.13 1.32 3.37 3.1 0.07 7.51 0.83 4.93 5.07 5.36 2.43 4.09 8.26 9.89 1.35 1.49 9.18 5.91 3.77 3.95 7.23 7.38 8.3 1.97 4.17 4.13 7.74 1.16 9.55 4.65 4.15 8.68 9.49 7.53 1.79 9.56 8.56 6.14 8.01 7.15 1.5 3.97 4.76 9.76 7.38 6.11 1.26 0.08 
2.02 8.55 4.03 2.77 5.93 5.85 4.75 0.11 9.98 6.01 1.27 3.06 4.18 5.42 1.74 3.67 6.47 3.53 3.23 5.03 9.67 4.77 2.18 4.69 2.26 6.94 4.46 9.64 3.05 9.24 9.72 8.6 7.79 7.27 1.37 7.25 6.64 9.64 7.36 0.15 5.66 2.15 3.21 9.84 1.09 4.95 3.52 7.57 2.01 0.27 2.6 5.2 8.56 8.31 9.9 0.82 5.25 7.88 0.46 1.83 7.12 3.7 0.43 4.91 4.49 5.32 2.16 4.66 4.97 3.04 4.81 0.63 8.71 1.54 3.99 9.81 0.01 7.51 0.9 2.02 1.31 7.02 0.75 9.87 5.33 0.65 0.7 4.11 2.05 4.68 9.46 9.17 1.91 9.89 7.6 9.92 8.73 3.29 4.58 3.7 
6.33 2.91 7.85 8.57 7.97 5.37 1.9 7.99 2.88 2.8 3.53 7.71 3.34 4.28 7.59 2.2 8.45 1.81 9.83 0.5 0.01 9.29 3.19 1.92 2.7 0.8 5.37 1.43 4.09 3.47 8.66 3.94 6.39 0.03 6.03 7.88 5.4 7.93 5.87 1.81 4.25 9.41 9.52 1.12 7.21 0.63 3.32 5.67 2.44 3.15 9.69 2.46 2.44 2.89 7.9 5.14 7.21 3.27 0.09 1.3 6.75 8.75 8.76 6.66 2.31 4.8 4.54 7.71 6.25 0.42 3.04 4.03 3.35 2.57 5.15 0.56 6.72 8.47 9.75 9.17 5.14 9.45 1.63 7.58 5.86 9.53 6.24 3.07 2.81 6.33 7.89 3.08 8.61 0.17 9.74 0.92 8.49 4.28 2.15 4.75 
8.22 8.72 2.3 1.57 4.81 7.45 5.66 1.53 5.92 5.41 0.7 4.58 8.38 5.85 2.16 4.24 5.39 1.92 0.83 1.72 1.77 8.72 8.32 0.38 2.42 8.06 4.82 0.91 5.86 0.5 9.18 4.09 9.22 1.48 9.18 7.55 2.45 4.84 9.08 1.89 3.78 9.79 6.47 2.16 5.64 2.15 9.93 4.55 4.07 0.76 9.79 5.85 3.01 8.11 9.75 8.95 9.69 8.1 9.86 5.56 2.12 2.57 3.17 4.86 7.57 2.35 2.41 0.03 0.72 1.49 1.92 4.5 4.8 8.4 0.18 3.97 0.55 0.11 2.04 8.15 4.4 1.84 4 0.93 3.47 7.27 9.88 3.17 5.37 9.74 8.73 1.01 5.83 1.9 5.87 3.41 7.77 8.28 6.96 2.01 
3.3 8.88 0.03 8.1 0.8 0.22 5.59 1.36 3.85 7.64 3.03 1.77 3 0.55 2.7 6.47 7.82 2.58 9.64 6.72 5.85 8.37 7.73 1.68 3.79 3.61 8.61 5.09 1.89 5.57 7.1 5.19 4.46 0.66 6.82 8.78 0.88 2.41 3.66 8.25 3.57 6.69 0.03 6.57 7.24 6.25 3.05 5.07 8.84 2.69 5.31 4.69 4.59 3.04 9.89 1.9 6.65 8.51 0.51 2.07 4.08 7.62 0.78 2.06 8.28 7.6 0.85 2.68 3.54 4.51 4.45 7.11 1.21 8 3.69 8.45 4.26 0.26 7.04 6.62 2.95 2.35 1.31 1.06 5.4 1.2 6.49 5.57 3.23 7 1.16 7.32 8.14 1.95 2.9 6.42 3.07 3.75 2.62 0.13 
1.79 0.6 0.77 3 8.6 4.46 4.97 6.38 8.24 5.54 3 4.71 7.89 4.31 5.78 6.81 9.04 5.79 5.91 2.27 2.79 7.07 3.11 0.94 2.54 6.02 0.88 9.14 3.29 7.03 2.79 5.08 7.63 3.56 1.6 9.75 1.54 0.1 6.14 9.78 5.64 9.14 4.5 3.53 6.98 3.8 3.87 9.54 9.59 9.78 5.33 2.38 0.37 8.45 6.84 6.44 7.99 7.73 5.58 1.28 8.28 8.37 9.89 5.91 5.46 1.49 9.18 7 1.59 5.32 6.79 7.23 7.99 1.29 4.29 4.97 5.09 8.16 8.03 8.2 1.46 3.36 0.58 1.83 5.33 0.95 8.27 3.32 2.2 7.37 8.13 0.48 9.27 8.02 9.91 4.73 3.03 9.09 5.25 4.63 
4.42 2.04 5.38 5.93 6.85 3.19 4.42 5.46 4.87 2.45 3.66 6.33 5.81 7.77 1.69 1.15 8.72 3.48 7.99 0.92 4.38 6.12 1.4 3.65 4.14 1.31 1.9 0.7 3.92 7.15 5.33 1.86 2.72 4.23 7.79 9.57 0.95 2.21 5.04 5.82 8.18 2.22 5.68 7.52 9.99 0.89 2.19 8.71 7.89 0.18 3.15 2.27 9.83 4.55 9.44 7.49 9.38 1.34 8.19 6.83 2.02 7.04 8.69 4.74 1.28 6.49 7.83 2.23 2.22 6.39 1.57 3.93 8.62 7.25 1.45 2.13 1.66 3.64 4.37 9.56 7.34 7.52 1.83 7.17 5.6 4.8 4.67 8.5 9.66 2.86 5.33 1.68 9.91 4.03 9.94 4.71 4.04 7.78 0.46 9.78 
4.17 5.55 3.71 2.79 6.33 8.68 4.93 7.99 5.84 2.82 7.55 3.19 0.34 2.91 3.88 5.94 7.71 2.07 7.97 0.89 4.94 3.3 2.58 8.37 0.85 6.04 6.6 4.89 3.82 0.58 8.2 8 6.13 1.91 4.31 2.46 4.12 2.76 0.46 9.96 5.58 1.53 6.67 9.45 4.44 0.56 8.91 5.67 2.63 6.88 0.09 1.09 0.19 6.19 2.98 4.56 2.23 9.58 2.98 6.06 0.16 1.18 7.58 9.82 6.61 5.41 2.28 0.73 8.18 6.26 0.7 7.28 7.8 7.37 6.73 5.76 1.45 5.65 4.96 4.09 2.53 5.05 8.7 6.24 1.24 1.69 4.33 3.47 1.27 7.31 3.05 4.96 8.49 0.63 4.78 5.1 9.57 0.58 9.36 7.75 
6.85 3.58 5.03 4.65 4.47 5.29 0.41 5.93 0.94 5.37 3.54 6.99 3.94 2.24 6.76 5.18 7.45 1.09 2.18 2.25 1.92 5.23 7.21 0.41 9.39 5.51 9.03 8.96 6.09 1.91 0.23 2.94 5.49 8.78 1.11 9.97 7.59 1.53 5.9 8.53 0.42 2.96 9.05 7.89 8.72 9.33 3.07 6.18 3.94 8.77 8.43 5.86 7.53 9.16 9.79 6.92 4.67 8.82 9.4 4.28 0.74 3.15 7.23 9.75 5.45 8.34 9.72 3.05 3.39 9.14 5.1 7.34 2.1 4.15 5.23 4.35 7 1.82 0.53 0.94 0.6 8.96 0.32 8.13 8.12 0.11 8.57 6.31 8.94 1.49 0.59 3.2 8.16 1.34 2.95 3.61 3.21 6.2 6.66 0.12 
8.86 1.77 7.46 4.49 9.44 6.21 8.84 6.45 1.56 9.37 0.91 2.16 1.85 1.24 3.81 3.49 4.87 5.9 9.8 3.81 0.91 3.91 0.53 9.07 5.26 7.01 2.68 8.47 6.73 2.87 2.11 5.59 4.64 3.1 0.08 7.6 9.31 2.44 7.57 0.87 5.33 8.49 6.55 7.18 3.25 3.88 0.67 8.12 9.78 3.99 5.46 0.69 7.91 9.51 3.28 6.69 0.04 5.97 8.68 6.77 8.84 0.79 5.89 7 3.89 9.49 4.6 6.73 1.94 2.18 1.12 7.27 4.19 1.2 4.46 0.96 5.08 8.65 2.6 8.39 6.17 8.06 2.6 4.08 1.1 5.89 4.29 1.14 5.38 2.97 7.92 7.74 7.28 3.81 4.74 1.18 3.3 2.86 1.43 8.76 
8.56 2.55 6.04 6.27 7.27 4.02 0.75 2.36 6.19 3.36 4.27 2.36 4.94 6.87 6.44 6.04 2.76 0.73 7.19 1.66 7.22 8.63 9.4 4.51 5.96 7.66 9.21 2.78 4.05 0.64 1.55 2.61 6.71 1.11 2.41 3.99 5.13 3.16 9.87 1.32 0.04 4.14 7.21 4.99 1.01 3.65 4.55 7.3 7.91 5.26 8.96 8.65 3.89 8.37 3.16 3.37 6.03 5.89 6.16 0.08 0.05 1.23 6.22 6.77 5.86 2.15 4.28 4.51 8.83 4.15 5.83 8.88 8.29 6.56 7.39 2.82 0.22 1.94 0.12 1.65 7.21 9.09 3.82 4.62 7.46 0.51 8 7.01 6.4 7.68 0.62 6.46 2.43 0.36 6.75 8.29 6.03 1.03 2.8 4.86 
5.18 2.15 7.26 6.99 8.72 4.65 9.81 2.46 6.6 9.94 7.63 3.81 2.55 1.45 8.43 3.53 1.96 9.95 0.54 1.89 7.63 4.68 8.35 3.58 8.56 5.1 1.87 4.59 9.65 4.67 9.46 4.83 6.83 6.72 5.34 9.07 1.38 5.15 1.53 1.5 5.09 9.16 8.83 7.64 0.61 0.78 4.69 6.1 0.74 5.24 7.99 1.89 3.44 6.34 5.48 2.01 4.96 7.35 6.6 4.61 5.55 9.58 2.96 5.9 6.31 8.3 4.97 1.21 6.97 6.5 6.23 5.59 9.18 5.06 6.75 3.31 5.84 1.45 9.41 0.1 6.69 7.4 2 3.65 7.26 1 5.66 5.74 8.35 2.27 3.87 7.42 5.37 6.83 3.32 1.68 8.65 8.29 6.41 5.63 
8.31 2.64 1.22 7.49 7.7 1.49 0.81 7.07 2.94 0.22 7.17 3.15 1.15 9.17 6.81 1.93 0.17 2.47 7.68 2.05 8.26 1.55 9.47 3.64 1.91 6.32 8.84 0.56 4.61 8.78 9.71 6.45 1.42 4.45 3.94 2.65 5.95 8.27 9.72 8.89 2.02 6.89 2.05 3.17 9.59 8.86 5.1 3.28 4.85 6.3 8.85 6.64 7.86 1.85 3.8 9.77 8.17 2.64 3.85 6.3 1.42 7.09 2.75 6.37 1.54 0.22 9.02 1.01 8.49 2.26 9.91 0.51 2.67 5.48 7.2 2.26 7.86 5.83 9.07 2.71 2.13 7.92 2.87 3.51 3.29 6.67 6.8 1.46 9.32 0.66 7.77 4.26 1.27 4.04 0.63 2.81 4.26 3.17 7.35 6.28 
5.43 0.78 0.31 8.11 6.26 1.04 3.89 4.12 6.87 2.96 0.35 2.52 4.41 6.75 6.04 7.7 3.42 2.84 9.17 2.74 7.02 0.46 0.53 8.29 4.5 1.16 4.63 2.29 7.86 1.98 8.57 3.29 2.76 8.88 1.4 2.54 9.92 5.3 0.18 0.31 1.78 4.05 2.84 6.19 0.8 2.4 7.42 4.23 8.76 6.59 0.49 9.31 0.57 1.02 7.6 8.59 5.71 5.75 0.88 3.57 7.73 9.45 0.38 4.01 1.86 5.31 6.55 5.3 4.13 6.73 5.62 5.91 0.79 1.98 5.63 1.59 7.9 3.05 5.82 6.66 3.16 9.84 5.97 3.73 0.86 7.1 5.84 0.09 2.85 6.73 7.18 4.11 9.7 7.57 8.12 5.08 2.88 4.68 0.39 7.01 
4.93 9.53 6.44 9.24 1.51 5.59 0.84 2.93 8.64 0.18 9.59 5.32 0.02 9.09 2.57 4.41 6.19 8.42 8.02 2.56 5.15 5.21 6.67 8.37 6.3 8.32 3.46 9.18 6.52 3.85 9.71 1.45 6.9 9.67 0.7 8.41 5.27 5.06 4.86 7.43 8.76 4.45 2.76 8.79 7.06 8.85 6.72 6.77 7.27 4.74 2.86 5.94 3.47 9.53 4.32 9.77 1.37 1.3 2.47 7.89 5.15 5.7 2.87 2.05 5.38 7.09 3.98 4.17 2.15 8.84 5.12 0.91 6.81 1.4 3.22 7.4 0.26 3.46 4.17 1.05 8.21 0.55 7 1.68 0.09 4.84 4.98 4.98 6.14 7.45 2.88 4.81 3.16 9.27 0.38 2.06 6.36 7.88 9.75 2.03 
0.24 4.87 6.46 0.57 6.28 9.69 7.97 6.54 6.67 5.67 1.11 4.88 6.22 8.11 0.09 9.83 6.47 5.07 4.82 6.13 6.04 1.22 0.94 9.2 4.01 4.84 4.78 0.37 2.72 4.53 5.92 2.96 9.41 2.38 3.54 9.21 5.59 1.51 9.27 2.27 0.7 0.38 0.67 6.93 2.02 4.28 0.28 8.49 9.35 5.1 8.15 8.92 9.84 9.09 1.64 3.85 7.46 6.43 7.74 0.18 4.48 3.66 3.15 7.41 9.57 0.21 6.62 8.68 5.24 9.41 0.95 5.95 9.8 5.15 6.4 1.82 9.43 6.68 3.83 2.31 5.31 1.98 1.23 8.67 4.6 6.39 2.53 2.06 2.82 0.27 2.24 7.31 7.46 8.91 8.24 7.03 2.64 4.87 9.23 7.89 
4.28 3.71 7.36 7.6 8.86 3.76 9.42 1.81 3.96 6.78 7.64 2.79 8.76 2.39 1.47 3.36 8.79 7.52 8.94 1.61 1.31 1.19 2.44 8.77 3.62 0.69 9.32 6.27 9.08 8.56 7.68 6.88 2.27 5.04 4.49 4.65 2.32 7.43 6.46 9.8 7.73 4.11 2.6 6.5 6.5 7.59 3.38 5.29 5.11 2.33 0.43 9.94 7.04 6.39 2.24 4.18 0.6 1.56 3.97 9.68 3.64 1.65 0.09 9.43 6.69 4.58 7.6 9.01 5.53 7.59 2.34 3.27 5.22 8.46 3.29 5.24 6.05 0.19 0.54 4.68 6.04 4.49 4.62 6.6 4.4 6.86 0.79 5.01 1.95 4.76 4.69 9.11 6.42 8.3 2.07 6.63 6.4 9.67 9.17 1.94 
0.78 1.51 8.73 6 9.97 2.02 1.25 6.02 5.73 5.31 4.22 1.78 9.8 2.36 8.38 4.2 9.23 9.17 9.21 4.7 7.46 7.43 7.33 7.4 9.25 9.4 4.03 5.66 2.6 3.2 1.12 3.38 8.23 9.85 9.39 8.2 5.39 4.16 7.74 1.12 9.47 1.96 2.9 9.27 7.85 4.81 6.99 0.6 7.5 9.73 5.3 4.96 0.68 6.15 2.36 9.93 5.56 9.92 9.11 1.68 6.64 0.23 8.58 4.88 0.08 1.49 3.08 8.99 5.65 4.35 3.64 5.12 9.83 6.54 7.91 7.68 4.87 8.43 8.28 2.38 8.16 7.1 7.34 2.36 3.26 3.23 5.81 2.34 3.15 4.93 4.02 9.79 5.16 2.6 4.67 8.77 7.62 1.28 7.76 3.27 
5.63 1.4 8.4 8.98 1.47 6.31 6.67 6.34 4.74 4.95 2.24 6.42 5.58 9.59 2.3 8.84 6.34 8.12 1.18 9.49 6.57 8.72 2.8 1.73 4.84 1 4.02 2.46 5.8 5.31 5.74 4.95 0.23 7.66 3.93 5.22 3.97 0.6 1.57 2.24 9.08 3.81 2.18 4.66 6.92 4.49 7.02 3.26 6.13 1.72 6.27 2.7 0.44 2.6 7.95 5.28 3.6 5.5 1.27 9.4 0.81 0.53 7.87 1.04 8.19 1.8 6.27 5.68 5.93 1.36 1.44 8.53 8.69 3.63 6.71 9.14 1.64 3.73 5.92 1.29 5.45 2.2 7.51 9.41 4.8 8.98 8.21 1.92 4.48 9.48 4.84 5.29 0.01 2.71 9.86 1.72 8.03 9.65 7.41 3.96 
4.53 8.85 2.49 6.74 6 2.72 5.88 7.64 6.45 1.81 8.93 5.42 7.53 9.96 4.83 5.85 8.95 6.57 7.77 3.43 6.05 2.61 2.25 9.59 8.84 5.63 1.31 6.87 5.28 2.24 4.36 3.33 1.1 0.37 0.07 7.1 3.1 5.96 8.27 3.07 1.29 0.72 2.02 2.34 0.69 0.37 8.19 9.64 6.94 9.48 3.07 6.52 5.61 5.32 6.11 4.45 0.95 0.94 4.84 9.75 3.19 9.2 3.08 4.29 9.58 6.68 4.91 6.2 2.64 3.18 9.27 7.45 3.91 1.29 9.79 8.12 1.67 1.5 7.76 8.61 0.98 0.83 8.65 6.59 9.68 4.76 1.04 4.15 9.23 9.4 7.43 2.42 8.61 4.03 0.23 8.19 0.71 8.66 4.39 6.87 
1.85 7.18 4.32 9.28 8.48 7.63 7.4 3.67 9.13 8.68 5.8 3.63 3.03 4.46 0.22 2.71 2.74 4.78 0.39 1.97 4.19 7.82 4.39 6.32 5.37 8.14 4.51 6.09 6.81 2.42 2.96 2.18 3.12 0.81 4.98 5.12 8.44 5.9 8.79 1.1 4.58 8.12 8.25 1.13 6.1 8.48 3.85 8.84 6.78 7.76 0.82 4.49 9.1 8.73 0.81 4.47 0.4 8.84 0.56 0.73 4.78 3.53 2.91 7.91 7.86 1.41 3.03 9.82 7.31 5.35 4.44 5.41 3.47 2.7 6.54 9.57 4.7 3.91 1.93 1.48 5.19 2.75 5.98 4.29 5.01 6.79 8.77 8.93 9.16 2.85 9.66 3.94 9.9 2.57 1.85 7.76 7.5 4.89 7.59 8.33 
3.76 2.03 7.26 7.23 4.73 7.32 0.32 9.43 1.24 2.25 4.44 6.43 8.53 3.94 4.25 7.06 4.25 6.54 5.99 3.41 9.39 5.65 7.36 9.3 1.74 9.21 0.58 9.24 7.62 1.69 1.09 1.38 3.73 8.35 2.13 1.98 5.67 2.45 4.94 0.43 8.23 2.9 6.87 0.28 6.84 4.64 7.34 1.09 1.18 6.85 4.51 0.57 6.02 1.87 3.39 7.76 4.6 3.98 0.52 2.23 9.19 1.61 3.61 2.92 3.48 5.75 8.43 9.15 1.72 6.89 9.59 3.47 9.79 9.98 3.75 0.15 4.62 4.61 1.24 9.32 1.46 9.27 9.89 7.48 4.66 6.81 8.76 9.27 4.31 2.8 1.5 3.5 7.93 8.63 9.95 1.41 7.9 1.9 4.09 3.15 
8.79 3.68 6.62 2.1 7.18 3.9 2.25 1.8 8.51 7.01 1.12 9.98 9.81 4.53 0.98 4.47 4.86 3.27 3.74 9.17 6.07 8.76 6.2 4.01 0.92 6.15 8.94 8.82 8.05 3.03 5.49 0.36 0.23 2.12 5.98 7.41 6.02 1.75 2.73 8.05 2.28 7.37 8.03 2.09 1.91 2.54 6.57 6.77 5.81 3.83 9.47 5.4 2.6 5.67 2.93 3.52 5.34 5.4 5.86 6.91 8.43 1.36 7.27 8.67 7 3.25 9.6 6.54 8.52 2.34 4.59 0.8 9.71 6.15 2.9 5.14 2.21 2.99 5.44 1.54 6.82 4.91 6.94 9.42 4.1 3.4 6.46 9.44 8.8 5.85 6.35 0.75 0.73 7.14 9.42 7.73 3.91 2.55 4.27 2.43 
4.89 2.38 3.23 4.6 8.53 9.65 3.27 4.26 2.64 8.71 5.8 9.47 3.62 2.75 2.41 7.72 9.67 2.4 0.68 8.47 8.25 7.03 9.22 8.98 7.69 2.17 0.23 1.6 4.72 8.02 7.55 3.13 0.4 0.78 1.25 2.46 3.96 4.52 6.72 6.6 3.23 2.53 6.07 0.37 8.8 2.01 1.61 8.47 4.41 2.29 0.46 2.66 2.84 3.2 5.16 0.53 8.89 5.39 5.65 7.13 3.41 3.2 0.26 3.81 7.51 5.04 9.79 1.47 9.56 6.52 8.07 6.32 2.57 7.67 6.69 4.89 9.68 8.31 3.36 4.09 0.6 7.34 0.27 6.97 0.54 5.43 7.5 9.44 0.82 6.68 6.57 4.23 9.88 0.36 1.56 0.91 5.4 1.36 2.38 4.96 
1.4 3.98 1.28 3.97 1.65 1.5 2.38 1.33 9.81 9.26 8.94 3.93 6.6 9.21 0.9 0.66 4.64 1.93 0.1 8.98 8.61 0.2 3.21 2.01 4.08 8.29 2.93 9.48 9.65 5.31 7.96 4.57 9.29 2.77 2.06 4.46 4.27 4.44 9.31 7.6 3.7 8.25 1.53 0.3 0.98 2.44 4.49 9.14 7.89 8.11 8.12 6.5 8.31 4.85 2.03 2.39 3.15 4.96 5.39 6.32 3.8 3.36 4.42 6.61 6.13 6.48 1.08 3.92 0.93 3.91 1.52 8.15 2.17 3.05 1.98 6.67 9.01 6.47 9.34 6.9 4.58 7.46 6.92 6.42 5.84 8.96 2.33 2.51 7.44 7.73 2.35 1.24 1.09 6.77 7.86 0.74 3.26 2.46 4.66 7.71 
9.89 6.18 5.86 5.58 9.23 1.36 2.26 1.77 7.83 1.6 8.67 5.94 2.58 9.12 2.36 8.42 8.08 4.69 4.45 5.52 2.42 6.81 0.29 7.03 3.58 1.67 7.77 0.36 7.65 5.95 8.07 7.54 2.13 7.46 3.13 4.89 8.82 5.39 6.66 0.18 0.51 8.85 6.12 3.09 1.49 2 5.04 9.57 6.69 9.49 8.62 2.64 6.3 8.91 3.19 3.41 4.1 4.49 3.77 1.75 0.44 5.37 9.29 6.1 6.35 2.42 0.99 8.69 1.33 1.17 8.87 1.84 3.54 8.51 8.46 5.04 0.51 3.5 8.13 0.73 6.51 6.75 3.37 6.34 9.18 6.56 9.75 3.28 1.05 7.04 5.03 5.02 2.41 7.85 1.12 8.76 0.27 2.11 0.98 5.13 
6.8 9.85 6.97 3.86 1.89 8.95 8.9 2.4 2.45 0.56 3.13 8.97 0.83 0.02 5.31 0.02 6.59 8.58 6.82 1.16 5.62 5.38 6.18 8.04 3.23 7.3 0.32 7.02 2.93 4.82 2.15 3.25 4.68 2.65 0.64 6.57 1.6 3.06 2.49 4.06 3.62 9.15 6.55 4.46 9.17 5.38 8 5.76 3.96 4.82 0.45 3.1 0.2 0.15 4.66 3.43 0.98 8.51 0.46 7.43 3.33 2.61 4.21 8.01 8.78 4.85 8.1 0.39 7.91 4.12 7.97 1.54 3.27 4.52 6 2.44 3.42 4 1.73 0.9 2.34 5.7 4 2.55 5.85 8.67 9.5 6.83 7.18 9.96 7.79 0.51 6.1 2 2.05 4.88 6.85 3.67 8.79 4.76 
7.79 6.76 9.82 4.58 1.28 9.34 7.03 8.22 6.86 2.28 9.12 9.21 7.98 3.13 1.76 7.35 1.8 4.78 7.71 8.98 4.75 5.5 3.01 4.37 7.5 5.06 2.77 7.87 2.26 1.57 6.15 0.05 8.33 5.98 8.16 3.14 5.32 5.19 1.36 2.19 0.99 0.49 4.92 2.49 3.62 0.2 9.84 8.94 4.98 7.55 1.44 3.25 6.57 4.45 7.62 4.07 3.04 3.92 5.46 5.3 5.49 1.62 8.87 7.34 7.6 7.03 0.48 6.44 5.74 5.37 2.15 6.73 9.38 7.07 9.22 6.52 7.27 2.59 5.46 2.26 0.14 0.42 5.51 0.24 4.87 6.66 7.83 1.43 0.58 3.3 6.73 9.59 4.92 9.13 6.93 6.04 6.16 0.94 2.48 1.91 
6.31 8.16 2.16 5.69 5.23 4.91 5.73 6.03 7.5 1.19 1.81 1.16 5.13 0.84 1.4 0 7.5 9.24 4.96 1.6 2.54 5.21 1.19 0.98 4.34 1.65 7.02 0.51 2.59 3.02 5.94 2.42 1.18 8.1 1.63 9.94 6.53 7.36 5.97 4.03 2.07 7.78 5.2 7.2 8.62 0.12 0.72 9.65 9.36 5.68 1.25 5.42 4.42 5.97 6.4 8.76 7.62 6.94 2.79 3.73 9.97 2.25 9.67 4.67 3.88 1.3 4.61 0.41 2.18 4.1 4.45 4.25 5.4 3.17 4.97 4.03 3.29 5.69 7.2 2.66 4.9 1.97 8.08 9.32 1.46 8.01 1.6 2.6 4.95 4.4 6.33 8.44 0.17 6 3.12 4.05 0.82 1.25 4.47 3 
5.36 2.44 0.77 0.76 5.61 5.74 8.31 8.9 1.44 9.03 5.08 9.86 1.01 6.69 9.18 5.99 4.7 0.78 8.6 9.65 8.7 8.45 8.1 8.88 4.46 1.22 6.45 8.8 5.99 0.92 1.81 4.87 6.88 6.1 9.16 2.49 1.85 7.47 4.92 6.81 0.03 3.52 6.67 4.56 0.21 9.37 0.55 4.91 0.15 9.15 4.57 2.38 7.61 2.67 4.78 5.59 7.41 1.23 4.39 6.92 5.68 9.72 1.8 2.56 9.35 0.96 8.58 1.2 1.95 7.02 8.01 1.98 0.54 8.2 6.54 0.76 7.57 0.62 5.67 7.72 9.77 3.76 3.62 0.9 9.95 8.4 0.01 0.88 3.16 7.93 7.81 8.84 7.65 9.61 4.92 7 0.57 7.02 1.72 6.04 
4.04 3.25 8.03 4.59 1.45 8.09 8.87 9.02 8.71 4.54 0.27 2.01 1.83 7.41 6.43 1.78 5.82 6.45 2.67 2.5 4.38 0.48 1.34 5.55 3.61 9.78 6.08 7.7 6.81 7.8 3.74 4.37 1.06 5.29 8.96 6.03 3.39 1.35 8.58 5.62 5.9 8.85 1.15 1.25 6.26 7.59 3.03 5.6 4.04 9.22 8.1 8.42 9.7 2.96 3.97 6.83 6.27 0.05 4.53 3.08 1.38 8.28 7.45 5.96 7.09 9.94 1.99 0.48 1.29 0.57 9.63 0.71 2.94 0.78 1.96 2.73 1.89 8.52 8.33 5.93 7.74 9.96 7.87 0.97 6.44 5.37 7.8 2.71 8.94 2.34 5.79 0.32 4.14 6.77 6.28 1.23 0.23 1.8 5.24 5.04 
5.89 4.87 5.76 8.84 9.17 1.24 1.57 1.07 9.76 3.42 0.52 1.03 6.9 8.4 2 3.35 3.77 9.8 6.06 2.71 5.66 5.38 6.56 9.8 5.67 6.36 4.56 5.9 1.68 9.8 0.94 7.58 8.19 0.22 9.94 0.88 1.47 5.03 1.95 4.75 1.97 6 5.78 8.88 7.92 1.3 2.23 1.69 4.63 1.81 7.92 0.29 7.19 8 0.1 2.86 7.89 4.66 2.28 9.57 7.98 3.23 7.15 6.17 6.97 0.61 7.05 1.96 5.64 2.53 6.72 7.62 2.05 6.02 6.5 9.97 0.85 2.25 5.18 5.48 4.06 6.62 5.77 4.78 4.63 9.39 1.16 2.52 7.57 3.45 5.61 5.55 0.2 2.77 5.24 7.17 6.9 5.82 9.14 2.55 
1.87 9.38 0.17 3.92 8.92 0.19 7.41 9.77 5.96 2.59 5.25 0.02 2.73 4.55 8.32 7.36 3.94 9.49 3.4 5.04 2.94 9.02 0.59 3.14 5.31 9.36 3.83 2.21 8.7 2.97 8.28 0.57 5.87 1.97 8.01 4.8 5.68 8.94 4.57 1.64 1.53 3.35 5.19 4.26 7.9 3.51 5.15 5.36 6.52 2.07 0.4 9.46 4.61 4.52 6.12 3.44 3.88 9.96 9.18 6.1 6.45 7.46 0.19 2.33 2.96 8.2 0.65 8.64 0.66 5.22 0.29 2.19 2.09 5.48 9.97 3.51 2.51 8.64 8.88 9.04 0.72 9.28 2.02 8.85 7.32 8.15 2.3 4.72 1.63 1.48 0.82 1.6 2.46 1.01 7.45 5.42 2.73 8.1 4.07 3.39 
6.85 4.36 9.1 8.94 3.36 2.6 2.46 9.39 1.24 4.86 8.43 5.48 7.66 3.98 4.34 4.99 2.13 0.16 9.71 7.28 1.64 4.06 8.88 4.1 5.07 6.34 3.05 1.33 4.44 7.12 4.72 4.81 5 7.35 3.76 1.88 9.95 9.74 1.27 4.71 4.6 3.23 0.2 2.26 0.73 8.06 7.25 2.86 8.22 0.49 3.66 3.38 4.55 6.06 1 3.14 5.92 4.05 4.47 3.89 4.69 2.72 8.7 3.21 0.07 2.46 5.09 3.54 2.2 9.89 8.25 0.32 6.64 1.97 2.59 7.37 3.55 9.84 3.75 5.29 0.33 0.93 8.67 8.4 6.99 3.2 1.55 2.92 7.25 6.02 0.33 5.47 2.26 9.03 8.68 2.33 5.02 7.3 9.39 0.74 
7.19 1.17 1.07 7.35 3.14 3.66 4.72 0.22 7.02 1.99 5.51 0.88 2.92 7.71 9.28 9.91 0.91 4.35 6.35 1.68 0.38 6.68 7.15 2.64 5.72 9.36 8.5 4.26 6.66 1.41 5 7.37 2.58 6.07 4.72 9.25 3.25 9.44 9.47 0.28 1.43 8.5 1.16 4.35 6.21 3.96 7.78 7.12 8.32 4.14 8.81 2.22 4.34 9.48 8.38 3.58 8.84 0.4 7.84 9.02 1.82 2.85 6.39 7.92 2.44 1.11 7.17 5.7 4.07 0.16 5.98 9.02 8.67 0.66 6.89 8.4 8.14 4.68 5.53 6.46 2.34 7.86 2.2 6.68 0.86 0.59 0.27 3.23 4.51 1.63 2.25 6.33 4.48 8.65 4.26 6.93 9.76 4.95 2.63 3.84 
8.64 2.13 6.38 7.31 2.79 3.28 5.71 4.45 7.96 4.76 4.44 0.3 6.14 6.64 0.5 0.53 0.75 4.29 3.76 5.27 5.93 9.53 5.12 3.93 8.18 2.9 0.86 1.47 7.86 7.01 8.83 6.5 9.14 5.21 7.33 5.45 8.49 6.56 3.43 6.45 4.85 7.87 0.27 4.51 4.51 4.3 5.04 8.79 2.11 2.32 7.58 8.04 1.86 2.7 5.5 0.04 5.61 6.36 5.03 6.99 6.9 3.86 7.01 9.56 9.08 7.86 8.54 1.09 7.94 1.97 1.07 2.79 9.84 4.86 0.83 7.87 9.16 9.39 0.18 1.28 1.72 7.76 2.84 3.58 0.47 8.34 7.14 9.6 8.23 5.7 0.11 8.65 9.56 0.64 8.21 2.16 2.02 0.27 3.26 9.96 
5.76 7.85 6.28 9.12 2.71 7.11 7 5.4 0.02 0.7 0.2 1.74 8.47 3.04 8.84 2.46 4.91 9.51 2.06 6.66 5.21 5.69 5.31 8.29 6.33 7.04 0.46 8.35 7.32 7.24 1.83 3.08 5.09 8.11 2.21 1.32 8.74 2.73 6.72 8.77 3.43 6.92 4.03 5.42 9.97 2.88 7.88 8.4 5.91 9.94 5.06 1.12 9.15 3.89 9.41 5.48 0.93 3.39 7.35 1.77 4.15 9.19 4.86 2.76 0.82 0.59 4.09 9.57 6.84 0.81 1.86 0.27 1.26 5.89 9.22 4.75 8.77 7.1 3.15 4.68 0.57 1.73 9.32 9.72 5.62 2.26 8.73 0.07 9.17 6.08 1.85 3.33 8.79 0.23 9.61 3.14 0.82 3.7 2.71 7.66 
8.04 8.09 1.45 9.3 3.98 0.67 4.05 6.28 7.78 0.72 4.48 1.87 2.45 3.81 1.59 1.59 9.59 3.84 1.66 8.76 3.45 3.51 2.09 2.24 3.74 1.71 5.38 4.56 8.93 1.61 5.74 0.49 9.7 0.72 9.79 7.21 4.91 7.36 3.49 6.21 8.08 7.97 8.08 4.05 5.3 9.68 5.64 4.89 3.52 7.31 3.66 6.97 0.82 9.27 2.74 8.09 4.5 1.64 6.17 6.96 6.78 1.92 7.45 0 6.16 7.25 7.21 1.07 8.13 4.22 7.29 9.74 2.2 5.37 3.79 1.02 8.57 2.96 5.92 5.62 0.27 9.58 2.59 4.61 2.37 8.85 2.7 6.88 4.02 2.4 3.84 0.8 4.32 1.29 0.8 4 2.06 1.54 5.07 3.72 
5.76 2.36 3.46 1.48 7.74 0.77 2.51 6.31 3.73 1.95 1.93 4 5.05 8.05 2.14 7.42 0.42 8.36 7.82 4.44 0.76 5.18 5.24 8.6 0 9.57 2.6 2.06 1.11 7.68 9.3 0.39 3.56 2.76 1.88 1.3 3.54 7.91 1.14 7.27 3.38 6.59 4.8 8.43 8.16 0.46 5.85 8.59 8.82 7.2 3.03 3.11 2.38 1.8 1.71 2.38 4.89 7.84 7.97 6 9.04 7.27 9.91 2.6 0.04 5.31 3.91 7.1 6.74 8.57 7.89 0.12 5.16 2.69 8.55 6.85 3.15 7.93 5.44 5.5 5.13 1.99 8.61 1.03 7.31 0.32 3.42 2.2 1.68 4.91 1.72 0.72 2.18 5.16 3.33 5.74 0.47 0.76 6.36 7.22 
9.33 4.26 7.34 8.01 6.95 9.42 4.86 3.63 0.87 3.82 9.13 6 9.34 7.74 0.55 0.17 1.58 7.49 2.38 3.27 2.4 7.62 7.51 4.59 2.78 0.84 3.85 6.78 1.6 0.22 4 4.45 4.48 4.86 2.47 4.95 7.8 0.85 8.58 8.67 8.2 1.23 8.19 1.06 8.97 8.75 1.23 4.08 6.24 7.13 0.87 8.65 4.76 8.38 6.76 1.06 9.23 4.13 7.84 4.35 4.35 5.36 8.81 2.35 3.75 4.8 7.31 1.55 9.17 9.41 0.23 7.37 0.65 1.94 1.95 9.62 0.69 3.19 7.22 0.46 0.32 8.09 2.63 8.6 6.48 9.39 9.67 9.23 3.52 1.03 3.58 1.4 6.4 2.39 3.75 3.67 7.19 1.06 5.22 6.37 
0.48 8.97 7.26 4.65 4.44 9.22 4.27 5.13 5.93 5.02 9.11 6.25 3.11 1.74 8.38 3.11 1.13 1.57 2.34 8.18 6.12 5.93 3.1 6.04 1.84 6.85 9.71 2.56 1.44 8.46 8.93 5.44 7.43 9.71 0.09 5.39 2.45 7.88 0.53 8.38 2.9 9.64 8.16 9.54 4.91 6.54 2.65 6.04 1.63 5 7.74 7.75 4.45 0.84 3.8 6.29 1.22 3.51 8.85 2.66 1.97 1.3 1.62 2.93 4.54 1.71 8.32 6.99 3.11 2.37 5.38 6.02 5.54 7.06 9.08 0.45 7.12 1.73 0.01 8.75 0.25 1.28 0.02 4.7 5.64 3.82 1 6.86 0.86 3.37 3.04 6.35 4.68 4.66 2.8 9.22 9.89 4.65 9.73 3.01 
0.54 8.63 2.55 6.08 5.69 1.63 0.05 2.81 6.88 3.59 5.08 7.14 8.39 8.63 1.84 4.03 2.45 6.36 0.9 6.83 9.74 7.46 6.71 7.94 2.13 9.51 0.68 5.54 7.68 3.93 8.55 8.23 2.57 4.62 7.83 1.78 9.77 1.41 8.12 6.66 5 3.2 3.8 3.39 1.83 9.16 0.94 7.81 9.05 1.84 8.16 8.79 9.31 4.87 0.25 4.96 7.91 4.45 0.5 5.59 8.38 2.58 3.82 0.95 0.72 1.66 2.74 0.5 3.07 0.86 0.68 1.59 7.58 8 8.5 2.94 7.16 9.44 4.27 9.73 4.81 2.43 8.52 7.64 7.31 2.29 6.12 5.22 6.74 6.62 0.81 5.13 2.72 8.16 6.08 3.45 3.34 2.34 7.47 9.93 
6.72 8.15 1.52 4.31 6.15 3.54 0.77 6.83 2.98 5.04 6.57 1.31 7.47 8.61 8.95 8.3 0.91 8.59 7.04 1.17 5.22 1.38 6.3 1.46 9.54 5.91 8.43 6.4 1.77 5.9 6.33 8.5 4.05 1.37 6.33 3.72 4.91 7.1 4.08 1.41 5.66 4.17 6.25 6.65 6.3 8.72 4.96 0.73 7.32 2 1.91 6.06 6.9 1.73 7.52 9.96 7.64 5.96 6.36 2.94 1.86 2.69 1.44 9.44 4.06 1.29 6.68 2.49 8.39 4.28 7.43 4.05 8.45 3.68 0.7 8.28 5.92 9.18 9.01 3.24 4.71 0.92 9.3 1.61 6.18 6.83 1.58 7.34 6.31 7.94 0.28 8.17 4.16 1.72 1.13 1.74 6.53 1.34 7.76 4.92 
5.62 8.71 2.49 7.6 5.91 6.72 5.88 1.83 9.42 4.89 5.08 4.13 9.34 4.38 9.27 9.04 4.73 4.37 6.38 1.04 5.83 6.67 2.74 3.51 1.91 7.39 5.26 8.45 8.73 6.54 6.89 4.36 5.25 2.91 1.96 1.16 9.63 1.36 2.99 2.57 9.77 8.07 0.23 9.11 5.98 9.5 8.15 0.71 7.39 8.06 5.28 3.22 4.73 1.54 0.26 0.16 8.93 5.52 8.61 7.67 2.06 9.03 2.03 7.31 1.94 7.51 8.47 5.09 2.39 4.98 7.66 2.16 3.06 7.89 4.8 2.56 0.91 6.47 6.79 1.82 4.53 2.07 8.57 2.78 3.61 8.83 2.95 2.55 7.87 5.08 3.74 9.93 4.11 9.29 0.76 6.05 6.8 2.75 4.66 2.71 
7.73 2.33 4.87 4.31 3.74 3.19 6.87 8.18 9.67 3.67 3.52 7.72 5.74 2.09 0.51 2.88 0.92 6.98 8.95 8.79 2.06 2.69 2.24 6.18 1.98 6.52 5.75 2.3 9.27 0.42 5.01 7.01 6.27 3.4 4.84 3.53 6.6 1.72 5.23 9.79 5.39 8.76 7.51 4.65 0.85 1.54 1.05 5.3 8.52 0 7.61 0.59 2.69 3.38 0.29 4.67 9.9 9.56 0.49 9.18 3.5 5.5 9.71 9.77 8.91 4.55 6.83 9.03 9.79 2.06 8.82 8.7 0.82 6.33 6.88 5.2 7.88 7.93 4.02 9.92 1.46 1.63 0.51 7.67 5.01 4.32 2.35 8.44 3.89 6.36 7.62 7.39 1.87 0.85 0.69 4.3 8.92 7.52 3.33 8.72 
3.1 2.15 0.94 7.45 2 7.82 6.17 3.4 9.28 0.19 3.33 0.74 5.34 7.36 8.41 3.88 1.69 4.28 2.32 9.1 0.65 3.46 0.01 6.04 4.31 0.7 0.34 6.75 1.74 7.19 5.47 4.85 9.34 9.94 5.82 4.86 7.76 1.99 8.27 7.04 2.18 5.12 1.3 1.04 6 9.72 4.92 7.69 7.52 0.76 0.31 8.17 4.22 0.33 4.21 2.05 4.55 8.07 8.81 6.3 5.26 7.8 4.67 8.12 7.74 0.49 2.99 5.51 6 4.78 6.07 8.18 3.42 7.38 2.74 9.42 0.62 7.67 0.64 8.14 8.43 0.95 9.84 2.66 4.8 7.57 8.23 9.36 5.65 7.04 9.18 4.43 4.85 3.85 2.56 6.11 7.86 9.07 5.14 3.86 
7.37 1.22 5.56 0.79 2.12 8.3 0.21 2.74 9.49 4.37 4.4 7.93 8.85 4.24 4.11 3.65 1.82 5.86 6.53 0.99 2.91 5.71 5.42 1.28 3.08 7.98 7.39 4.46 0.57 2.54 1.84 7.94 7.28 0.92 8.73 9.4 9.23 2.47 5.66 2.24 0.36 0.06 0.17 9.21 4.31 7.8 6.39 9.65 3.67 2.92 0.64 0.1 2.16 6.06 4.9 8.76 7.57 2.29 6.75 1.66 8.35 8.59 9.61 9.15 9.52 1.86 8.55 2.27 7.85 7.73 4.51 8.22 7.8 8.21 7.43 5.63 9.53 7.34 5.28 6.72 3.79 5.92 0.34 5.95 5.5 5.24 8.23 6.59 1.06 4.98 8.26 9.41 7.1 7.87 8.57 0.14 3.25 0.64 2.41 1.11 
8.38 0.44 9.33 6.18 8.65 0.28 5.33 1.71 7.63 0.61 8.43 4.94 0.05 8.78 0.89 9.07 4.02 2.64 5.67 8.6 1.15 7.45 8.02 1.77 8.84 0.11 1.91 2.09 0.75 7.84 6.72 2.65 8.28 6.05 2.35 0.46 9.86 7.68 2.17 1.01 8.29 4.12 5.95 1.86 6.42 0.36 0.94 3.97 6.52 0.13 2.57 7.67 7.58 0.59 9.44 6.42 4.22 1.35 2.03 4.98 2.71 8.76 1.15 1 8.33 3.51 1.46 8.19 1.19 7.15 2.72 3.01 4.79 8.67 4.87 1.22 2.55 9.33 5.19 9.08 9.46 7.76 6.75 7.04 1.88 9.72 6.98 6.1 4.59 2.54 4.6 7.31 1.3 5.76 8.31 9.63 9.27 3.29 1.35 3.98 
3.96 4.07 6.99 8.75 6.27 1.87 9.97 8.82 1.2 8.68 7.9 0.67 9.97 8.18 1.23 1.85 7.9 1.74 1.47 2.49 4.28 9.6 3.32 9.1 8.88 5.15 2.25 8.15 1.96 3.6 5.65 5.92 1.2 2.65 8.2 7.47 4.52 8.17 9.81 9.24 0.38 1.24 3.43 0.35 9.42 8.19 2.2 0.84 9.93 7.19 6.85 7.73 6.79 0.18 6.83 5.67 5.33 9.08 7.34 7.3 6.21 3 3.22 7.41 5.65 4.94 8.4 3.69 6.64 1.73 2.93 7.02 2.97 9.89 7.37 5.91 8.08 3.09 6.75 8.01 3.8 3.61 9.26 0.6 3.79 6.09 9.79 2.64 8.69 7.14 9.94 4.9 3.66 6.69 5.83 2.83 1.63 7.75 6.52 8.27 
9.49 2.97 8.81 5.98 2.86 6.18 1.9 0.94 2.79 8.65 2.47 6.6 5.78 1.73 7.2 9.57 7.82 0.51 2.22 0.04 7.65 5.68 4.94 4.83 2.37 4.3 7.66 7.53 2.05 7.7 9.32 5.06 0.68 8.14 1.05 7.06 7.84 2.95 8.01 0.64 5.12 4 7.24 0.91 5.74 7.96 4 7.08 8.47 9.74 7.12 9.65 5.43 5.59 4.48 1.32 3.41 5.67 2.37 8.98 3.37 1.7 4.05 7.57 9.84 5.1 4.64 7.68 1.57 6.17 1.84 6.69 0.17 9.08 1.12 9.43 0.56 5.13 6.52 2.56 4.87 7.16 2.21 0.3 6.27 0.21 5.15 3.2 5.88 7.52 2.19 2.78 9.22 6.24 0.35 2.58 4.86 4.99 0.27 6.43 
1.16 2.11 6.64 4.86 4.72 7.77 4.29 5.28 2.9 4.33 1.36 7.77 5.02 3.57 1.6 4.81 7.31 6.75 8.02 6.71 4.27 0.21 9.49 3.5 9.97 9.85 9.6 4.83 8.36 9.87 1.26 3.05 5.51 7.9 7.91 3.75 9.19 2.2 2.55 2.09 0.06 3.92 3.39 5.08 1.01 4.99 9.89 8.32 1.74 7.91 8.56 9.53 1.64 8.05 6.55 1.61 1.42 6.16 6.44 3.31 9.55 1.22 6.36 5.06 2.65 4.27 2.33 1.84 9.99 4.89 7.46 3.57 8.81 0.85 8.65 9.82 5.84 2.07 1.67 1.1 9.98 0.23 4.15 5.15 1.8 0.71 6.76 6.75 0.39 6.73 0.06 9.94 7.95 6.42 8.53 4.12 4.21 0.86 9.49 7.72 
9.27 6.95 1.3 8.08 7.8 3.47 1.43 7.16 5.54 3.1 1.78 9.05 6.85 5.93 4.2 8.65 0.16 4.48 8.92 4.07 1.21 8.98 7.54 2.69 8.92 6.07 6.81 6.65 0.45 6.3 4.38 9.73 3.25 9.2 7.81 4.57 6.19 2.76 1.73 1.74 9.38 7.03 4.31 6.23 6.49 2.03 8.41 0.17 6.51 7.33 4.25 7.73 6.32 1.79 0.42 8.76 1.38 7.23 5.42 1.83 7.06 3.32 5.08 0.31 6.04 6.42 8.41 2.23 9.18 0.14 7.49 8.57 0.7 5.32 4.8 7.19 7.35 6.73 0.88 3.87 4.07 8.65 1.6 3.91 0.44 5.54 2.67 5.34 2.77 1.61 7.18 3.35 8.45 2.26 3.67 4.49 2.2 2.08 0.25 1.39 
5.74 7.74 9.96 9.96 6.59 8.28 0.67 3.94 8.54 1.56 7.81 2.61 0.21 2.93 0.04 4.18 8.47 6.23 9.52 4.77 7.85 0.22 8.12 6.3 6.01 1.79 4.32 8.21 7.39 4.57 9.6 6.66 5.83 3.08 6.62 2.42 4.89 7.3 6.37 3.43 8.86 7.7 9.56 2.59 0.64 3.12 6.77 9.11 9.35 6.3 3.88 0.72 0.04 2.01 0.55 6.05 7.32 4.87 4.27 8.24 9.44 7.39 4.9 8.79 0.48 1.52 4.74 8.89 8.82 1.11 5.84 1.2 2.33 5.4 3.8 2.97 8.52 4.09 5.61 1.39 3.91 9.49 2.12 3.96 5.02 2.67 0.01 2.35 7.54 7.8 4.11 0.5 5.2 9.01 2.81 9.2 0.53 7.55 8.09 2.88 
2.18 3.93 7.6 4.52 2.85 4.92 7.49 4.89 2.54 6.62 6.28 6.45 6.12 8.4 0.41 4.66 1.07 3.95 0.53 2.13 1.75 4.64 6.15 0.47 3.65 8.97 3.19 7.71 6.52 1.28 4.11 8.71 8.73 1.71 3.23 5.1 0.16 4.24 9.99 2.7 0.87 9.8 9.15 0.51 8.2 3.09 5.17 2.8 0.56 9.23 8.45 5.83 3.87 4.61 6.31 7.53 3.58 9.5 8.76 0.1 4.31 2.87 2.33 6.56 8.1 9.08 5.19 8.26 3.33 8.7 4.48 7.72 8.5 7.16 8.23 0.23 0.25 6.92 6.55 0.81 6.15 5 6.64 3.55 3.13 6.47 4.6 0.23 9.5 3.36 3.86 7.33 9.75 6.19 3.89 7.85 5.28 9.08 9.64 2.13 
1.31 7.64 9.85 9.81 4.8 1.6 0.04 5.05 2.04 0.11 9.38 8.2 5.12 9.55 5.27 1.77 6.02 9.87 2.01 5.52 3.23 5.87 2.85 2.98 2.06 0.27 4.35 0.86 2.87 7.51 2.99 4.18 5.16 6.36 7.52 9.96 7.96 1.08 8.54 0.01 1.2 7.92 1.73 9.84 0.99 7 1.61 7.02 0.39 3.62 6.06 3.62 9.49 2.44 0.12 5.08 6.23 4.47 5.94 2.62 1.99 8.94 0.33 0.67 5.3 7.85 0.63 6.79 8.93 2.69 0.32 0.13 4.14 5.57 9.97 5.13 6.09 5.11 5.67 6.48 8.73 1.74 0.1 1.75 7.7 3.74 6.83 7.45 8.21 6.29 0.07 3.72 8.75 0.4 4.39 4.06 1.77 8.55 4.37 0.71 
1.24 4.69 4.36 5.38 3.78 7.86 4.04 9.87 2.97 9.71 6.35 5.22 4.97 9.97 6.97 2.67 3.71 7.32 3.64 5.44 3.62 7.24 2.69 5.89 7.64 7.08 9.95 9.42 9.15 7.84 3.65 3.92 6.05 8.01 2.82 9.83 5.87 6.86 9.7 2.36 6.58 9.57 7.59 1.55 9.54 8.08 7.75 6.77 8.93 1.39 2.22 2.55 2.15 4.91 1.96 9.8 5.51 1.92 2.74 8.19 3.28 6.39 2.11 9.34 7.92 8.45 9.17 3.8 5.32 2.4 9.68 1.9 1.97 7.27 6.97 5.04 5.36 4.72 5.33 4.29 9.64 1.07 0.36 1.79 5.98 2.32 5.11 5.02 7.76 1.37 6.73 1.05 7.76 2.36 3.91 9.21 0.81 3.08 6.53 6.13 
5.48 6.21 1.55 7.46 3.49 2.05 6.02 2.37 0.29 1.35 0.18 9.93 2.43 4.06 5.25 1.93 9.9 3.88 0.47 7.67 5.26 7.2 2.24 6.54 9.56 6.15 9.27 3.9 2.75 5.8 3.55 8.24 2.02 5.11 9.22 5.51 7.16 8.76 1.4 7.45 0.11 1.58 0.91 6.06 9.16 9.68 8 9.06 7.08 1.99 0.25 5.86 9.2 2.49 5.93 2.28 2.16 5.2 9.7 8.44 1.01 3.26 6.68 3.03 1.89 9.42 2.06 2.57 1.7 6.98 3.54 1.81 2.08 4.45 1.4 1.24 7.65 9.4 0.3 8.26 1.39 0.56 4.12 4.11 6.57 0.05 9.92 2.26 8.78 9.62 0.7 9.79 6.4 0.9 6.34 8.29 0.32 8.4 0.86 2.02 
5.38 4.41 7.35 0.98 2.38 8.75 2.22 3.56 1.67 2.52 1.82 6.59 6.6 9.46 0.7 6.7 9.52 4.14 8.96 8.3 7.29 9.66 1.61 3.69 0.56 7.95 1.99 4.4 9.87 6.37 9.94 8.77 0.78 7.29 9.75 6.69 9.57 1.97 0.25 1.24 8.01 2.07 7.83 4.62 5.05 2.06 1.32 8.09 9.72 3.8 9.91 7.01 3.46 1.52 0.71 7.54 9.47 6.22 1.94 9.34 2.59 1.88 8.11 3.38 2.69 1.38 3.59 2.26 3.35 3.84 7.03 1.37 9.43 4.86 9.51 4.48 0.44 4.35 2.58 0.17 8.15 2.49 7.18 1.61 7.54 1.41 9.15 0.53 7.63 4.61 9.88 0.23 6.49 1.51 7.13 9.18 2.9 0.72 4.97 9.77 
8.08 2 1.14 7.51 0.38 4.17 5.51 0.83 8.52 1.61 4.52 6.67 4.11 1.7 1.8 5.17 6.64 4.47 5.7 4.27 9.08 9.1 8.02 9.09 0.62 8.67 1.8 7.04 9.39 6.77 0.33 0.99 2.29 5 8.5 2.67 9.17 7.54 7.02 1.22 9.15 1.54 1.41 6.78 6.77 3.22 1.95 3.41 1.21 7.66 1.2 3.82 6.76 9.23 6.43 0.9 7.9 8.23 1.46 0.82 8.52 1.8 1.81 0.81 6.8 3.84 7.01 5.97 1.38 4.03 0.71 0.53 9.1 2.13 7.32 5.87 8.87 9.27 9.28 3.6 6.93 0.48 7.42 7.22 3.23 3.86 8.12 1.14 5.61 9.59 5.48 4.14 1.39 7.29 8.47 1.71 1.13 5.48 1.2 2.51 
3.04 1.92 6.57 2.14 4.05 3.89 8.01 2.92 6.68 0.81 6.52 7.14 4.81 7.47 4.36 8.05 4.85 6 2.71 0.46 5.59 8.19 4.6 0.5 5.48 6.6 2.21 0.14 2.08 3.42 6.17 5.12 8.86 2.74 0.78 2.91 0.15 8.79 9.35 0.36 3.12 9.39 7.5 7.94 0.38 5.38 5.99 5.23 1.38 2.22 5.7 0.5 0.41 3.82 4.52 9.41 0.42 0.26 3.07 2.51 7.2 9.25 1.15 6.06 1.99 1.94 8.97 5.67 4.25 1.84 6.03 7.38 4.75 3.53 5.32 5.14 2.43 4.83 0.37 7.33 7.05 6.07 1.35 0.98 9.9 5.88 3.91 0.32 6.14 6.99 6.35 6.86 6.24 1.03 2.92 1.75 2.97 5.41 7.42 0.74 
7.25 6.97 8.12 2 4.02 3.44 7.14 6.45 1.79 1.04 7.31 2.36 7.11 8.66 3.34 0.53 4.54 7.26 4.38 4.2 7.77 4.25 1.06 4.01 5.28 7.5 9.28 1.77 2.91 0.23 2.52 3.68 7.2 0.64 5.69 1.23 7.61 6.35 1.2 9.4 0.91 8.51 1.77 1.55 7.18 8.63 2.08 5.24 9.41 9.98 2.97 7.18 4.24 7.55 4.71 9.52 5.06 4 1.3 1.49 4.23 3.82 5.18 4.95 7.98 4.39 9.7 5.59 4.26 0.91 8.52 5.18 2.94 3.81 6.73 3.64 2.44 2.33 8.89 1.86 2.32 5.38 2.56 0.08 2.93 7.28 3.12 1.51 4.8 4.42 3.01 2.55 1.76 8.19 7.5 3.27 6.1 7.21 8.86 0.36 
1.64 7.38 5.54 8.1 1.19 5.79 1.75 7.16 1.65 4.16 2.54 3.97 9.54 5.1 7.57 5.99 5.9 0.69 7.51 0.7 8.64 0.52 3.25 3.92 2.23 4.28 7.19 8.33 5.01 6.06 2.21 0.17 6.96 1.28 8.27 1.68 7.07 3.54 8.84 8.72 7.7 4.9 6.21 0.76 0 3.78 0.28 5.91 8 7.79 0.13 6.64 1.83 6.91 4.08 7.58 1.19 1.28 9.43 6.2 0.86 1.64 9.89 7.82 2.92 8.16 3.02 0 1.71 5.38 2.24 2.93 0.28 1.98 7.22 0.29 5.76 7.5 9.72 7.28 8.81 3.37 7.44 0.64 0.28 1.53 1.74 4.99 2.81 1.17 4.71 3.67 2.81 4.6 5.01 5.74 2.77 1.56 9.26 8 
6.94 5.02 4.45 7.23 7 5.19 7.52 6.29 2.69 0.76 3.57 5.02 4.13 1.02 5.66 7.94 2.55 0.92 2.93 8.88 2.09 7.65 6.07 4.91 5.77 4.6 4.17 8.54 6.16 3.43 0.06 3.11 8.45 8.04 0.34 8.98 3.23 1.38 5.27 5.93 5.66 8.84 4.47 3.31 3.38 0.14 1.25 9.45 4.58 7.71 8.33 6.68 8.88 7.92 1.59 4.65 2.53 5.76 6.72 2.21 2.71 0.3 5.32 4.68 8.34 9.18 3.66 1.58 4.08 8.93 1.03 9.74 1.3 5.5 3.06 4.68 9.16 7.83 4.14 3.75 5.54 5.99 0.43 4.42 3.92 5.54 2.6 9.97 4.82 9.32 2.18 1.05 9.62 1.03 5.73 7.97 0.21 2.92 3.07 4.3 
=======
10 10
9 8 4 5 8 20 19 8 9 10
4 12 20 40 5 6 7 8 9 10
8 8 4 4 5 6 7 8 9 10
8 12 4 21 5 6 7 8 9 10
33 44 20 1 5 6 7 8 9 10
10 18 17 10 5 6 7 8 9 10
>>>>>>> origin/fix/double_free_or_corruption
